613
-5 -5 -5
-4 -5 -5
-3 -5 -5
-2 -5 -5
-1 -5 -5
0 -5 -5
1 -5 -5
2 -5 -5
3 -5 -5
4 -5 -5
5 -5 -5
-5 -5 -4
-4 -5 -4
-3 -5 -4
-2 -5 -4
-1 -5 -4
0 -5 -4
1 -5 -4
2 -5 -4
3 -5 -4
4 -5 -4
5 -5 -4
-5 -5 -3
-4 -5 -3
-3 -5 -3
-2 -5 -3
-1 -5 -3
0 -5 -3
1 -5 -3
2 -5 -3
3 -5 -3
4 -5 -3
5 -5 -3
-5 -5 -2
-4 -5 -2
-3 -5 -2
-2 -5 -2
-1 -5 -2
0 -5 -2
1 -5 -2
2 -5 -2
3 -5 -2
4 -5 -2
5 -5 -2
-5 -5 -1
-4 -5 -1
-3 -5 -1
-2 -5 -1
-1 -5 -1
0 -5 -1
1 -5 -1
2 -5 -1
3 -5 -1
4 -5 -1
5 -5 -1
-5 -5 0
-4 -5 0
-3 -5 0
-2 -5 0
-1 -5 0
0 -5 0
1 -5 0
2 -5 0
3 -5 0
4 -5 0
5 -5 0
-5 -5 1
-4 -5 1
-3 -5 1
-2 -5 1
-1 -5 1
0 -5 1
1 -5 1
2 -5 1
3 -5 1
4 -5 1
5 -5 1
-5 -5 2
-4 -5 2
-3 -5 2
-2 -5 2
-1 -5 2
0 -5 2
1 -5 2
2 -5 2
3 -5 2
4 -5 2
5 -5 2
-5 -5 3
-4 -5 3
-3 -5 3
-2 -5 3
-1 -5 3
0 -5 3
1 -5 3
2 -5 3
3 -5 3
4 -5 3
5 -5 3
-5 -5 4
-4 -5 4
-3 -5 4
-2 -5 4
-1 -5 4
0 -5 4
1 -5 4
2 -5 4
3 -5 4
4 -5 4
5 -5 4
-5 -5 5
-4 -5 5
-3 -5 5
-2 -5 5
-1 -5 5
0 -5 5
1 -5 5
2 -5 5
3 -5 5
4 -5 5
5 -5 5
-5 -5 -5
-5 -4 -5
-5 -3 -5
-5 -2 -5
-5 -1 -5
-5 0 -5
-5 1 -5
-5 2 -5
-5 3 -5
-5 4 -5
-5 5 -5
-5 -5 -4
-5 -4 -4
-5 -3 -4
-5 -2 -4
-5 -1 -4
-5 0 -4
-5 1 -4
-5 2 -4
-5 3 -4
-5 4 -4
-5 5 -4
-5 -5 -3
-5 -4 -3
-5 -3 -3
-5 -2 -3
-5 -1 -3
-5 0 -3
-5 1 -3
-5 2 -3
-5 3 -3
-5 4 -3
-5 5 -3
-5 -5 -2
-5 -4 -2
-5 -3 -2
-5 -2 -2
-5 -1 -2
-5 0 -2
-5 1 -2
-5 2 -2
-5 3 -2
-5 4 -2
-5 5 -2
-5 -5 -1
-5 -4 -1
-5 -3 -1
-5 -2 -1
-5 -1 -1
-5 0 -1
-5 1 -1
-5 2 -1
-5 3 -1
-5 4 -1
-5 5 -1
-5 -5 0
-5 -4 0
-5 -3 0
-5 -2 0
-5 -1 0
-5 0 0
-5 1 0
-5 2 0
-5 3 0
-5 4 0
-5 5 0
-5 -5 1
-5 -4 1
-5 -3 1
-5 -2 1
-5 -1 1
-5 0 1
-5 1 1
-5 2 1
-5 3 1
-5 4 1
-5 5 1
-5 -5 2
-5 -4 2
-5 -3 2
-5 -2 2
-5 -1 2
-5 0 2
-5 1 2
-5 2 2
-5 3 2
-5 4 2
-5 5 2
-5 -5 3
-5 -4 3
-5 -3 3
-5 -2 3
-5 -1 3
-5 0 3
-5 1 3
-5 2 3
-5 3 3
-5 4 3
-5 5 3
-5 -5 4
-5 -4 4
-5 -3 4
-5 -2 4
-5 -1 4
-5 0 4
-5 1 4
-5 2 4
-5 3 4
-5 4 4
-5 5 4
-5 -5 5
-5 -4 5
-5 -3 5
-5 -2 5
-5 -1 5
-5 0 5
-5 1 5
-5 2 5
-5 3 5
-5 4 5
-5 5 5
-5 5 -5
-4 5 -5
-3 5 -5
-2 5 -5
-1 5 -5
0 5 -5
1 5 -5
2 5 -5
3 5 -5
4 5 -5
5 5 -5
-5 5 -4
-4 5 -4
-3 5 -4
-2 5 -4
-1 5 -4
0 5 -4
1 5 -4
2 5 -4
3 5 -4
4 5 -4
5 5 -4
-5 5 -3
-4 5 -3
-3 5 -3
-2 5 -3
-1 5 -3
0 5 -3
1 5 -3
2 5 -3
3 5 -3
4 5 -3
5 5 -3
-5 5 -2
-4 5 -2
-3 5 -2
-2 5 -2
-1 5 -2
0 5 -2
1 5 -2
2 5 -2
3 5 -2
4 5 -2
5 5 -2
-5 5 -1
-4 5 -1
-3 5 -1
-2 5 -1
-1 5 -1
0 5 -1
1 5 -1
2 5 -1
3 5 -1
4 5 -1
5 5 -1
-5 5 0
-4 5 0
-3 5 0
-2 5 0
-1 5 0
0 5 0
1 5 0
2 5 0
3 5 0
4 5 0
5 5 0
-5 5 1
-4 5 1
-3 5 1
-2 5 1
-1 5 1
0 5 1
1 5 1
2 5 1
3 5 1
4 5 1
5 5 1
-5 5 2
-4 5 2
-3 5 2
-2 5 2
-1 5 2
0 5 2
1 5 2
2 5 2
3 5 2
4 5 2
5 5 2
-5 5 3
-4 5 3
-3 5 3
-2 5 3
-1 5 3
0 5 3
1 5 3
2 5 3
3 5 3
4 5 3
5 5 3
-5 5 4
-4 5 4
-3 5 4
-2 5 4
-1 5 4
0 5 4
1 5 4
2 5 4
3 5 4
4 5 4
5 5 4
-5 5 5
-4 5 5
-3 5 5
-2 5 5
-1 5 5
0 5 5
1 5 5
2 5 5
3 5 5
4 5 5
5 5 5
-5 -5 -5
-5 -4 -5
-5 -3 -5
-5 -2 -5
-5 -1 -5
-5 0 -5
-5 1 -5
-5 2 -5
-5 3 -5
-5 4 -5
-5 5 -5
-4 -5 -5
-4 -4 -5
-4 -3 -5
-4 -2 -5
-4 -1 -5
-4 0 -5
-4 1 -5
-4 2 -5
-4 3 -5
-4 4 -5
-4 5 -5
-3 -5 -5
-3 -4 -5
-3 -3 -5
-3 -2 -5
-3 -1 -5
-3 0 -5
-3 1 -5
-3 2 -5
-3 3 -5
-3 4 -5
-3 5 -5
-2 -5 -5
-2 -4 -5
-2 -3 -5
-2 -2 -5
-2 -1 -5
-2 0 -5
-2 1 -5
-2 2 -5
-2 3 -5
-2 4 -5
-2 5 -5
-1 -5 -5
-1 -4 -5
-1 -3 -5
-1 -2 -5
-1 -1 -5
-1 0 -5
-1 1 -5
-1 2 -5
-1 3 -5
-1 4 -5
-1 5 -5
0 -5 -5
0 -4 -5
0 -3 -5
0 -2 -5
0 -1 -5
0 0 -5
0 1 -5
0 2 -5
0 3 -5
0 4 -5
0 5 -5
1 -5 -5
1 -4 -5
1 -3 -5
1 -2 -5
1 -1 -5
1 0 -5
1 1 -5
1 2 -5
1 3 -5
1 4 -5
1 5 -5
2 -5 -5
2 -4 -5
2 -3 -5
2 -2 -5
2 -1 -5
2 0 -5
2 1 -5
2 2 -5
2 3 -5
2 4 -5
2 5 -5
3 -5 -5
3 -4 -5
3 -3 -5
3 -2 -5
3 -1 -5
3 0 -5
3 1 -5
3 2 -5
3 3 -5
3 4 -5
3 5 -5
4 -5 -5
4 -4 -5
4 -3 -5
4 -2 -5
4 -1 -5
4 0 -5
4 1 -5
4 2 -5
4 3 -5
4 4 -5
4 5 -5
5 -5 -5
5 -4 -5
5 -3 -5
5 -2 -5
5 -1 -5
5 0 -5
5 1 -5
5 2 -5
5 3 -5
5 4 -5
5 5 -5
5 -5 -5
5 -4 -5
5 -3 -5
5 -2 -5
5 -1 -5
5 0 -5
5 1 -5
5 2 -5
5 3 -5
5 4 -5
5 5 -5
5 -5 -4
5 -4 -4
5 -3 -4
5 -2 -4
5 -1 -4
5 0 -4
5 1 -4
5 2 -4
5 3 -4
5 4 -4
5 5 -4
5 -5 -3
5 -4 -3
5 -3 -3
5 -2 -3
5 -1 -3
5 0 -3
5 1 -3
5 2 -3
5 3 -3
5 4 -3
5 5 -3
5 -5 -2
5 -4 -2
5 -3 -2
5 -2 -2
5 -1 -2
5 0 -2
5 1 -2
5 2 -2
5 3 -2
5 4 -2
5 5 -2
5 -5 -1
5 -4 -1
5 -3 -1
5 -2 -1
5 -1 -1
5 0 -1
5 1 -1
5 2 -1
5 3 -1
5 4 -1
5 5 -1
5 -5 0
5 -4 0
5 -3 0
5 -2 0
5 -1 0
5 0 0
5 1 0
5 2 0
5 3 0
5 4 0
5 5 0
5 -5 1
5 -4 1
5 -3 1
5 -2 1
5 -1 1
5 0 1
5 1 1
5 2 1
5 3 1
5 4 1
5 5 1
5 -5 2
5 -4 2
5 -3 2
5 -2 2
5 -1 2
5 0 2
5 1 2
5 2 2
5 3 2
5 4 2
5 5 2
5 -5 3
5 -4 3
5 -3 3
5 -2 3
5 -1 3
5 0 3
5 1 3
5 2 3
5 3 3
5 4 3
5 5 3
5 -5 4
5 -4 4
5 -3 4
5 -2 4
5 -1 4
5 0 4
5 1 4
5 2 4
5 3 4
5 4 4
5 5 4
5 -5 5
5 -4 5
5 -3 5
5 -2 5
5 -1 5
5 0 5
5 1 5
5 2 5
5 3 5
5 4 5
5 5 5
1.25 -1.25 -1.25
1.25 1.25 -1.25
1.25 1.25 1.25
1.25 -1.25 1.25
-1.25 -1.25 -1.25
-1.25 1.25 -1.25
-1.25 1.25 1.25
-1.25 -1.25 1.25
6
0.78 0.78 0.78 
60.0 60.0 60.0 
0.75 0.75 0.75 
0.0 0.0 0.0 
0.0 0.0 0.0 
0.0 0.0 0.0 
0.7 0.0 0.0 
0.0 0.0 0.0 
0.0 0.0 0.7 
0.0 0.0 0.0 
0.0 0.7 0.0 
0.0 0.0 0.0 
506
2
1
1 0 11 12
1
1
2 1 12 13
2
1
3 2 13 14
1
1
4 3 14 15
2
1
5 4 15 16
1
1
6 5 16 17
2
1
7 6 17 18
1
1
8 7 18 19
2
1
9 8 19 20
1
1
10 9 20 21
1
1
12 11 22 23
2
1
13 12 23 24
1
1
14 13 24 25
2
1
15 14 25 26
1
1
16 15 26 27
2
1
17 16 27 28
1
1
18 17 28 29
2
1
19 18 29 30
1
1
20 19 30 31
2
1
21 20 31 32
2
1
23 22 33 34
1
1
24 23 34 35
2
1
25 24 35 36
1
1
26 25 36 37
2
1
27 26 37 38
1
1
28 27 38 39
2
1
29 28 39 40
1
1
30 29 40 41
2
1
31 30 41 42
1
1
32 31 42 43
1
1
34 33 44 45
2
1
35 34 45 46
1
1
36 35 46 47
2
1
37 36 47 48
1
1
38 37 48 49
2
1
39 38 49 50
1
1
40 39 50 51
2
1
41 40 51 52
1
1
42 41 52 53
2
1
43 42 53 54
2
1
45 44 55 56
1
1
46 45 56 57
2
1
47 46 57 58
1
1
48 47 58 59
2
1
49 48 59 60
1
1
50 49 60 61
2
1
51 50 61 62
1
1
52 51 62 63
2
1
53 52 63 64
1
1
54 53 64 65
1
1
56 55 66 67
2
1
57 56 67 68
1
1
58 57 68 69
2
1
59 58 69 70
1
1
60 59 70 71
2
1
61 60 71 72
1
1
62 61 72 73
2
1
63 62 73 74
1
1
64 63 74 75
2
1
65 64 75 76
2
1
67 66 77 78
1
1
68 67 78 79
2
1
69 68 79 80
1
1
70 69 80 81
2
1
71 70 81 82
1
1
72 71 82 83
2
1
73 72 83 84
1
1
74 73 84 85
2
1
75 74 85 86
1
1
76 75 86 87
1
1
78 77 88 89
2
1
79 78 89 90
1
1
80 79 90 91
2
1
81 80 91 92
1
1
82 81 92 93
2
1
83 82 93 94
1
1
84 83 94 95
2
1
85 84 95 96
1
1
86 85 96 97
2
1
87 86 97 98
2
1
89 88 99 100
1
1
90 89 100 101
2
1
91 90 101 102
1
1
92 91 102 103
2
1
93 92 103 104
1
1
94 93 104 105
2
1
95 94 105 106
1
1
96 95 106 107
2
1
97 96 107 108
1
1
98 97 108 109
1
1
100 99 110 111
2
1
101 100 111 112
1
1
102 101 112 113
2
1
103 102 113 114
1
1
104 103 114 115
2
1
105 104 115 116
1
1
106 105 116 117
2
1
107 106 117 118
1
1
108 107 118 119
2
1
109 108 119 120
2
1
121 122 133 132
1
1
122 123 134 133
2
1
123 124 135 134
1
1
124 125 136 135
2
1
125 126 137 136
1
1
126 127 138 137
2
1
127 128 139 138
1
1
128 129 140 139
2
1
129 130 141 140
1
1
130 131 142 141
1
1
132 133 144 143
2
1
133 134 145 144
1
1
134 135 146 145
2
1
135 136 147 146
1
1
136 137 148 147
2
1
137 138 149 148
1
1
138 139 150 149
2
1
139 140 151 150
1
1
140 141 152 151
2
1
141 142 153 152
2
1
143 144 155 154
1
1
144 145 156 155
2
1
145 146 157 156
1
1
146 147 158 157
2
1
147 148 159 158
1
1
148 149 160 159
2
1
149 150 161 160
1
1
150 151 162 161
2
1
151 152 163 162
1
1
152 153 164 163
1
1
154 155 166 165
2
1
155 156 167 166
1
1
156 157 168 167
2
1
157 158 169 168
1
1
158 159 170 169
2
1
159 160 171 170
1
1
160 161 172 171
2
1
161 162 173 172
1
1
162 163 174 173
2
1
163 164 175 174
2
1
165 166 177 176
1
1
166 167 178 177
2
1
167 168 179 178
1
1
168 169 180 179
2
1
169 170 181 180
1
1
170 171 182 181
2
1
171 172 183 182
1
1
172 173 184 183
2
1
173 174 185 184
1
1
174 175 186 185
1
1
176 177 188 187
2
1
177 178 189 188
1
1
178 179 190 189
2
1
179 180 191 190
1
1
180 181 192 191
2
1
181 182 193 192
1
1
182 183 194 193
2
1
183 184 195 194
1
1
184 185 196 195
2
1
185 186 197 196
2
1
187 188 199 198
1
1
188 189 200 199
2
1
189 190 201 200
1
1
190 191 202 201
2
1
191 192 203 202
1
1
192 193 204 203
2
1
193 194 205 204
1
1
194 195 206 205
2
1
195 196 207 206
1
1
196 197 208 207
1
1
198 199 210 209
2
1
199 200 211 210
1
1
200 201 212 211
2
1
201 202 213 212
1
1
202 203 214 213
2
1
203 204 215 214
1
1
204 205 216 215
2
1
205 206 217 216
1
1
206 207 218 217
2
1
207 208 219 218
2
1
209 210 221 220
1
1
210 211 222 221
2
1
211 212 223 222
1
1
212 213 224 223
2
1
213 214 225 224
1
1
214 215 226 225
2
1
215 216 227 226
1
1
216 217 228 227
2
1
217 218 229 228
1
1
218 219 230 229
1
1
220 221 232 231
2
1
221 222 233 232
1
1
222 223 234 233
2
1
223 224 235 234
1
1
224 225 236 235
2
1
225 226 237 236
1
1
226 227 238 237
2
1
227 228 239 238
1
1
228 229 240 239
2
1
229 230 241 240
2
1
242 243 254 253
1
1
243 244 255 254
2
1
244 245 256 255
1
1
245 246 257 256
2
1
246 247 258 257
1
1
247 248 259 258
2
1
248 249 260 259
1
1
249 250 261 260
2
1
250 251 262 261
1
1
251 252 263 262
1
1
253 254 265 264
2
1
254 255 266 265
1
1
255 256 267 266
2
1
256 257 268 267
1
1
257 258 269 268
2
1
258 259 270 269
1
1
259 260 271 270
2
1
260 261 272 271
1
1
261 262 273 272
2
1
262 263 274 273
2
1
264 265 276 275
1
1
265 266 277 276
2
1
266 267 278 277
1
1
267 268 279 278
2
1
268 269 280 279
1
1
269 270 281 280
2
1
270 271 282 281
1
1
271 272 283 282
2
1
272 273 284 283
1
1
273 274 285 284
1
1
275 276 287 286
2
1
276 277 288 287
1
1
277 278 289 288
2
1
278 279 290 289
1
1
279 280 291 290
2
1
280 281 292 291
1
1
281 282 293 292
2
1
282 283 294 293
1
1
283 284 295 294
2
1
284 285 296 295
2
1
286 287 298 297
1
1
287 288 299 298
2
1
288 289 300 299
1
1
289 290 301 300
2
1
290 291 302 301
1
1
291 292 303 302
2
1
292 293 304 303
1
1
293 294 305 304
2
1
294 295 306 305
1
1
295 296 307 306
1
1
297 298 309 308
2
1
298 299 310 309
1
1
299 300 311 310
2
1
300 301 312 311
1
1
301 302 313 312
2
1
302 303 314 313
1
1
303 304 315 314
2
1
304 305 316 315
1
1
305 306 317 316
2
1
306 307 318 317
2
1
308 309 320 319
1
1
309 310 321 320
2
1
310 311 322 321
1
1
311 312 323 322
2
1
312 313 324 323
1
1
313 314 325 324
2
1
314 315 326 325
1
1
315 316 327 326
2
1
316 317 328 327
1
1
317 318 329 328
1
1
319 320 331 330
2
1
320 321 332 331
1
1
321 322 333 332
2
1
322 323 334 333
1
1
323 324 335 334
2
1
324 325 336 335
1
1
325 326 337 336
2
1
326 327 338 337
1
1
327 328 339 338
2
1
328 329 340 339
2
1
330 331 342 341
1
1
331 332 343 342
2
1
332 333 344 343
1
1
333 334 345 344
2
1
334 335 346 345
1
1
335 336 347 346
2
1
336 337 348 347
1
1
337 338 349 348
2
1
338 339 350 349
1
1
339 340 351 350
1
1
341 342 353 352
2
1
342 343 354 353
1
1
343 344 355 354
2
1
344 345 356 355
1
1
345 346 357 356
2
1
346 347 358 357
1
1
347 348 359 358
2
1
348 349 360 359
1
1
349 350 361 360
2
1
350 351 362 361
2
1
364 363 374 375
1
1
365 364 375 376
2
1
366 365 376 377
1
1
367 366 377 378
2
1
368 367 378 379
1
1
369 368 379 380
2
1
370 369 380 381
1
1
371 370 381 382
2
1
372 371 382 383
1
1
373 372 383 384
1
1
375 374 385 386
2
1
376 375 386 387
1
1
377 376 387 388
2
1
378 377 388 389
1
1
379 378 389 390
2
1
380 379 390 391
1
1
381 380 391 392
2
1
382 381 392 393
1
1
383 382 393 394
2
1
384 383 394 395
2
1
386 385 396 397
1
1
387 386 397 398
2
1
388 387 398 399
1
1
389 388 399 400
2
1
390 389 400 401
1
1
391 390 401 402
2
1
392 391 402 403
1
1
393 392 403 404
2
1
394 393 404 405
1
1
395 394 405 406
1
1
397 396 407 408
2
1
398 397 408 409
1
1
399 398 409 410
2
1
400 399 410 411
1
1
401 400 411 412
2
1
402 401 412 413
1
1
403 402 413 414
2
1
404 403 414 415
1
1
405 404 415 416
2
1
406 405 416 417
2
1
408 407 418 419
1
1
409 408 419 420
2
1
410 409 420 421
1
1
411 410 421 422
2
1
412 411 422 423
1
1
413 412 423 424
2
1
414 413 424 425
1
1
415 414 425 426
2
1
416 415 426 427
1
1
417 416 427 428
1
1
419 418 429 430
2
1
420 419 430 431
1
1
421 420 431 432
2
1
422 421 432 433
1
1
423 422 433 434
2
1
424 423 434 435
1
1
425 424 435 436
2
1
426 425 436 437
1
1
427 426 437 438
2
1
428 427 438 439
2
1
430 429 440 441
1
1
431 430 441 442
2
1
432 431 442 443
1
1
433 432 443 444
2
1
434 433 444 445
1
1
435 434 445 446
2
1
436 435 446 447
1
1
437 436 447 448
2
1
438 437 448 449
1
1
439 438 449 450
1
1
441 440 451 452
2
1
442 441 452 453
1
1
443 442 453 454
2
1
444 443 454 455
1
1
445 444 455 456
2
1
446 445 456 457
1
1
447 446 457 458
2
1
448 447 458 459
1
1
449 448 459 460
2
1
450 449 460 461
2
1
452 451 462 463
1
1
453 452 463 464
2
1
454 453 464 465
1
1
455 454 465 466
2
1
456 455 466 467
1
1
457 456 467 468
2
1
458 457 468 469
1
1
459 458 469 470
2
1
460 459 470 471
1
1
461 460 471 472
1
1
463 462 473 474
2
1
464 463 474 475
1
1
465 464 475 476
2
1
466 465 476 477
1
1
467 466 477 478
2
1
468 467 478 479
1
1
469 468 479 480
2
1
470 469 480 481
1
1
471 470 481 482
2
1
472 471 482 483
2
1
485 484 495 496
1
1
486 485 496 497
2
1
487 486 497 498
1
1
488 487 498 499
2
1
489 488 499 500
1
1
490 489 500 501
2
1
491 490 501 502
1
1
492 491 502 503
2
1
493 492 503 504
1
1
494 493 504 505
1
1
496 495 506 507
2
1
497 496 507 508
1
1
498 497 508 509
2
1
499 498 509 510
1
1
500 499 510 511
2
1
501 500 511 512
1
1
502 501 512 513
2
1
503 502 513 514
1
1
504 503 514 515
2
1
505 504 515 516
2
1
507 506 517 518
1
1
508 507 518 519
2
1
509 508 519 520
1
1
510 509 520 521
2
1
511 510 521 522
1
1
512 511 522 523
2
1
513 512 523 524
1
1
514 513 524 525
2
1
515 514 525 526
1
1
516 515 526 527
1
1
518 517 528 529
2
1
519 518 529 530
1
1
520 519 530 531
2
1
521 520 531 532
1
1
522 521 532 533
2
1
523 522 533 534
1
1
524 523 534 535
2
1
525 524 535 536
1
1
526 525 536 537
2
1
527 526 537 538
2
1
529 528 539 540
1
1
530 529 540 541
2
1
531 530 541 542
1
1
532 531 542 543
2
1
533 532 543 544
1
1
534 533 544 545
2
1
535 534 545 546
1
1
536 535 546 547
2
1
537 536 547 548
1
1
538 537 548 549
1
1
540 539 550 551
2
1
541 540 551 552
1
1
542 541 552 553
2
1
543 542 553 554
1
1
544 543 554 555
2
1
545 544 555 556
1
1
546 545 556 557
2
1
547 546 557 558
1
1
548 547 558 559
2
1
549 548 559 560
2
1
551 550 561 562
1
1
552 551 562 563
2
1
553 552 563 564
1
1
554 553 564 565
2
1
555 554 565 566
1
1
556 555 566 567
2
1
557 556 567 568
1
1
558 557 568 569
2
1
559 558 569 570
1
1
560 559 570 571
1
1
562 561 572 573
2
1
563 562 573 574
1
1
564 563 574 575
2
1
565 564 575 576
1
1
566 565 576 577
2
1
567 566 577 578
1
1
568 567 578 579
2
1
569 568 579 580
1
1
570 569 580 581
2
1
571 570 581 582
2
1
573 572 583 584
1
1
574 573 584 585
2
1
575 574 585 586
1
1
576 575 586 587
2
1
577 576 587 588
1
1
578 577 588 589
2
1
579 578 589 590
1
1
580 579 590 591
2
1
581 580 591 592
1
1
582 581 592 593
1
1
584 583 594 595
2
1
585 584 595 596
1
1
586 585 596 597
2
1
587 586 597 598
1
1
588 587 598 599
2
1
589 588 599 600
1
1
590 589 600 601
2
1
591 590 601 602
1
1
592 591 602 603
2
1
593 592 603 604
0
1
605 606 607 608
0
1
606 610 611 607
0
1
610 609 612 611
0
1
605 608 612 609
0
1
608 607 611 612
0
1
605 609 610 606
